ECG AFib Autoencoder - Teknik Rapor
=================================================================
Model: 1D_CAE
Toplam Parametre: 4,826,817

Egitim Kayip Degerleri:
Epoch    Train MSE       Val MSE
1        0.465406        0.411656
2        0.268170        0.272045
3        0.207290        0.212602
4        0.177735        0.186255
5        0.159702        0.169215
6        0.146499        0.167621
7        0.137223        0.154599
8        0.128800        0.149381
9        0.123029        0.151804
10       0.115929        0.142121
11       0.112048        0.144730
12       0.107171        0.140590
13       0.103009        0.136897
14       0.098840        0.138145
15       0.095903        0.137866
16       0.092860        0.131868
17       0.089633        0.133930
18       0.087716        0.134333
19       0.084587        0.128614
20       0.082488        0.129154
21       0.080691        0.131927
22       0.079146        0.128975
23       0.076428        0.126753
24       0.075049        0.128073
25       0.074105        0.130709
26       0.072452        0.126754
27       0.070106        0.126268
28       0.069760        0.132670
29       0.068155        0.126993
30       0.066662        0.127043
31       0.065288        0.126974
32       0.064477        0.127057
33       0.055751        0.119587
34       0.052541        0.119993
35       0.051808        0.122471
36       0.051476        0.121357
37       0.051142        0.123112
38       0.050875        0.123419
39       0.047183        0.120814
40       0.045898        0.121238
41       0.045542        0.122311
42       0.045140        0.122354
43       0.044957        0.122379

Normal MSE (ort.): 0.056149
AFib   MSE (ort.): 0.153321
Hata Orani       : 2.73x
ROC-AUC          : 0.7714
Esik Degeri      : 0.063271
